kinematics:
  shoulder:
    x: 0
    y: 0
    z: 0.1623898844486375
    roll: -0
    pitch: 0
    yaw: 5.141815432804787e-08
  upper_arm:
    x: -6.641177628797213e-06
    y: 0
    z: 0
    roll: 1.570934080754497
    pitch: 0
    yaw: -3.200228277342188e-07
  forearm:
    x: -0.4250575973586194
    y: 0
    z: 0
    roll: 3.141168403332137
    pitch: -3.141158484838228
    yaw: -3.141589170018667
  wrist_1:
    x: -0.3923701781193034
    y: -0.000767507838145495
    z: 0.1334069940110028
    roll: 0.005753066967851562
    pitch: -0.0002560896104691248
    yaw: -3.026338918824785e-06
  wrist_2:
    x: -1.623159722834327e-05
    y: -0.09954823125756965
    z: 0.0001165590721895502
    roll: 1.569625446936449
    pitch: 0
    yaw: -4.183341014959418e-07
  wrist_3:
    x: 3.145793648943136e-05
    y: 0.09956255342581655
    z: 0.0001294467897007833
    roll: 1.572096481444488
    pitch: 3.141592653589793
    yaw: 3.141592642958742
  hash: calib_173526348170532922